0 0 0.0095
0 0 0.0035
0 0 0.0132
0 0 0.0024
0.002 0.17 0
0 0 0.0281
0 0 0.0201
0 0 0.0385
0 0 0.0146
0 0 0.0043
0.04 NA NA
0.018 NA NA
0 0 0.0122
0 0 0.013
0 0 0.031
0 0 0.0253
0 0 0.0171
0 0 0.0184
0.004 NA NA
0 0 0.0342
0 0 0.002
0.002 NA NA
0 0 0.0191
0 0 0.0316
0 0 0.0046
0 0 0.0046
0 0 0.0405
0.004 NA NA
0 0 0.0187
0.012 NA NA
0 0 0.0188
0 0 0.0299
0 0 0.0165
0 0 0.0213
0 0 0.0108
0 0 0.0202
0 0 0.0055
0.004 0.459183673469388 0
0 0 0.0147
0 0 0.0114
0 0 0.0062
0.03 NA NA
0 0 5e-04
0.002 0.0194174757281553 0
0 0 0.013
0 0 0.0273
0.008 0.407407407407407 0
0.046 NA NA
0 0 0.0193
0.014 NA NA
0 0 0.0275
0 0 0.0243
0 0 0.0259
0.282 NA NA
0 0 0.0017
0 0 0.0208
0.18 NA NA
0 0 0.009
0.002 0.16 0
0 0 0.0174
0 0 0.0172
0.04 NA NA
0 0 0.0069
0 0 0.0169
0 0 0.0093
0 0 0.0264
0.002 0.0652173913043478 0
0 0 0.0088
0 0 0.0157
0 0 0.0169
0 0 0.0065
0 0 0.0197
0 0 0.0228
0 0 0.0159
0 0 0
0.016 NA NA
0 0 0.0224
0 0 0.0136
0 0 2e-04
0 0 0.0042
0 0 0.008
0 0 0.0245
0 0 0.0191
0 0 0.0084
0 0 0.0126
0 0 0.0158
0 0 0.0244
0 0 0.026
0.006 0.217948717948718 0
0 0 0.0121
0 0 0.0156
0.03 NA NA
0 0 0.0124
0.002 0.395061728395062 0
0 0 0.0123
0 0 0.0359
0 0 0.0191
0 0 0.039
0.018 NA NA
0.044 0.576086956521739 0
0 0 0.0056
0 0 0.0295
0 0 0.0123
0 0 0.0159
0 0 0.0075
0 0 0.0282
0.056 NA NA
0 0 7e-04
0.026 NA NA
0 0 0.0012
0 0 0.0241
0 0 0.0101
0 0 8e-04
0 0 0.0228
0 0 0.0232
0 0 0.0141
0.002 0.0204081632653061 0
0 0 0.0052
0.004 0.471910112359551 0
0 0 0.0074
0.066 NA NA
0 0 5e-04
0 0 0.0086
0 0 0.0244
0 0 0.0047
0 0 0.0114
0 0 0.0223
0 0 0.0114
0 0 0
0 0 0.0078
0 0 0.0306
0 0 0.0018
0 0 0.0122
0 0 0.0256
0 0 0.0082
0 0 0.007
0.006 0.210526315789474 0
0.002 0.122448979591837 0
0.022 NA NA
0 0 0.0038
0 0 0.0171
0 0 0.0227
0.002 0.320987654320988 0
0.008 NA NA
