0 0 0.0217
0.002 0 0.0012
0.158 NA NA
0.006 0.459770114942529 0
0 0 0.0034
0 0 0.0193
0 0 0
0 0 0.0117
0.002 0 0.0133
0 0 0.0094
0 0 0.0081
0.032 NA NA
0.052 NA NA
0.18 NA NA
0 0 0.0307
0.246 NA NA
0 0 0.0059
0 0 0.0197
0 0 0.0025
0 0 0.0022
0.034 NA NA
0 0 0.0184
0 0 0.0079
0.002 0 0.013
0 0 0.0145
0.002 0 0.0158
0 0 0.0013
0 0 8e-04
0.004 0 0.0017
0.308 NA NA
0.294 NA NA
0 0 0.0018
0.004 NA NA
0 0 0.0138
0 0 0.0101
0 0 0.0061
0.006 0.236842105263158 0
0.04 NA NA
0 0 0.0115
0 0 5e-04
0 0 0.0096
0 0 8e-04
0.008 NA NA
0.002 0 0.0237
0.002 0 0.0136
0.064 NA NA
0 0 0.0239
0.032 NA NA
0 0 0.0078
0 0 0.0479
0 0 0.016
0 0 0.0122
0.002 0 0.0122
0 0 0.0106
0.002 0 0.0178
0 0 0.0329
0.002 0 0.0141
0.002 0 0.0082
0 0 6e-04
0 0 0.0297
0 0 0.0275
0.136 NA NA
0.002 NA NA
0 0 0.0127
0 0 0.0133
0.048 NA NA
0 0 0.0087
0 0 0.0094
0.002 0 0.0078
0 0 0.0183
0.002 0.391666666666667 0.163
0 0 0.0173
0 0 0.008
0 0 0.0103
0.002 0.267326732673267 0
0 0 0.004
0.002 0 0.0056
0.008 0.495238095238095 0
0 0 0.0033
0.002 0 0.0219
0.002 0.0506329113924051 0
0.004 0 0.0197
0 0 0.0127
0.002 0 0.015
0 0 0.0074
0.05 NA NA
0.006 0 0.0054
0 0 0.0237
0 0 0.0308
0.062 0.55952380952381 0
0 0 0.0108
0 0 0.0181
0 0 0.022
0 0 0.0552
0 0 0.005
0 0 0.0148
0.01 0.424528301886792 0
0 0 0.0026
0 0 0.0061
0 0 0.0068
0.002 0 0.0053
0 0 0.0179
0 0 0.0164
0.028 NA NA
0 0 0.0152
0.012 0.333333333333333 0
0 0 0.0181
0 0 0.018
0.002 0 0.0175
0 0 0.0088
0 0 0.0151
0 0 0.0131
0 0 0.0192
0 0 0.0187
0 0 0.0231
0 0 0.004
0 0 0.0112
0.008 NA NA
0.002 0 0.0158
0.182 NA NA
0.002 0 0.0239
0.002 0 0.0262
0 0 0.001
0 0 0.0158
0 0 0.0063
0.214 NA NA
0 0 0.0033
0 0 0.0218
0 0 0.0245
0.274 NA NA
0.002 0 0.0115
0 0 0.0078
0 0 0.0142
0.012 NA NA
0.002 0 0.0067
0.004 NA NA
0.002 0 0.0136
0.01 0.383838383838384 0
0 0 0.0056
0.002 0 0.015
0.004 0.0459770114942529 0
0.002 0 0.015
0 0 0.0205
