0 0 0.08325
0 0 0.0857
0 0 0.07815
0 0 0.07985
0 0 0.0693
0 0 0.0968
0 0 0.09845
0 0 0.08315
0 0 0.1032
0.001 0.258215962441315 0
0 0 0.0667
0 0 0.0773
0 0 0.10015
0 0 0.1042
0 0 0.0803
0 0 0.0866
0 0 0.09
0 0 0.0788
0 0 0.0909
0 0 0.07955
0 0 0.0804
0.001 0.335164835164835 0
0 0 0.0857
0 0 0.09165
0 0 0.0934
0 0 0.0684
0 0 0.0806
0 0 0.06685
0 0 0.1001
0 0 0.0892
0 0 0.09815
0 0 0.06525
0 0 0.10105
0 0 0.084
0 0 0.11325
0 0 0.0814
0 0 0.09025
0 0 0.09825
0 0 0.08845
0.001 0.141176470588235 0
0.001 0.356756756756757 0
0 0 0.09765
0 0 0.07125
0 0 0.0772
0 0 0.07555
0 0 0.07305
0 0 0.0977
0 0 0.0599
0 0 0.096
0 0 0.0832
0 0 0.0917
0 0 0.09505
0 0 0.10035
0 0 0.07545
0 0 0.0771
0 0 0.0795
0 0 0.09275
0 0 0.0858
0 0 0.0798
0 0 0.1019
0 0 0.08915
0 0 0.07475
0 0 0.07975
0 0 0.1146
0 0 0.0731
0 0 0.0973
0 0 0.1069
0 0 0.08
0 0 0.0818
0 0 0.0827
0 0 0.0718
0 0 0.0705
0 0 0.11765
0 0 0.06725
0 0 0.0741
0 0 0.093
0.001 0.29608938547486 0
0 0 0.0629
0 0 0.08085
0 0 0.08365
0 0 0.0865
0.001 0.442622950819672 0
0 0 0.0851
0 0 0.0931
0 0 0.07895
0 0 0.1226
0 0 0.07955
0 0 0.07665
0.001 0.197044334975369 0
0 0 0.0461
0 0 0.0928
0 0 0.078
0.002 0.366120218579235 0
0 0 0.1023
0 0 0.0902
0 0 0.08935
0.001 0.452631578947368 0
0 0 0.07825
0 0 0.0832
0 0 0.0645
