0 0 0.07955
0 0 0.0979
0 0 0.0749
0 0 0.08175
0 0 0.08475
0 0 0.09255
0 0 0.09535
0 0 0.07725
0 0 0.0941
0 0 0.10025
0 0 0.0865
0 0 0.0799
0.001 80 0
0 0 0.0991
0 0 0.0918
0.001 33.5 0
0 0 0.07395
0 0 0.0853
0 0 0.0759
0 0 0.0806
0 0 0.0767
0 0 0.0597
0 0 0.10125
0 0 0.0874
0 0 0.11095
0 0 0.0866
0 0 0.0953
0 0 0.0957
0.001 4 0
0 0 0.0839
0 0 0.0784
0 0 0.086
0 0 0.0886
0 0 0.0642
0 0 0.1131
0 0 0.0936
0 0 0.08055
0 0 0.07755
0 0 0.08875
0 0 0.10525
0 0 0.0805
0 NA NA
0 0 0.0942
0 0 0.08305
0.001 4.9 0
0 0 0.1162
0 0 0.08865
0 0 0.08105
0.003 NA NA
0 0 0.07135
0 0 0.0879
0 0 0.0707
0 0 0.08955
0 0 0.0943
0.001 NA NA
0 0 0.102
0 0 0.08695
0 0 0.06585
0 0 0.11325
0 0 0.08465
0 0 0.0825
0 0 0.09665
0 0 0.0799
0 0 0.08245
0 0 0.0682
0 0 0.10885
0 0 0.07305
0 0 0.11255
0 0 0.05485
0.001 NA NA
0 0 0.0967
0 0 0.09595
0 0 0.0727
0 0 0.07525
0 0 0.06995
0 0 0.0891
0 0 0.05645
0.001 29 0
0 0 0.07545
0 0 0.0874
0 0 0.0744
0 0 0.08935
0 0 0.08505
0 0 0.0926
0 0 0.08445
0 0 0.07455
0 0 0.08385
0 0 0.0894
0 0 0.08595
0 0 0.09175
0.001 30 0
0 0 0.10175
0 0 0.0863
0 0 0.09205
0 0 0.07525
0 0 0.06625
0 0 0.096
0 0 0.09505
0 0 0.088
0 0 0.09185
